section,balneo,stars,cosmo/zodiac,rosettes,herbal-A,pharm-herbal
balneo,1.0000,0.8600,0.4892,0.7768,0.3814,0.4504
stars,0.8600,1.0000,0.7507,0.8738,0.6033,0.7015
cosmo/zodiac,0.4892,0.7507,1.0000,0.7085,0.7214,0.8255
rosettes,0.7768,0.8738,0.7085,1.0000,0.6308,0.6657
herbal-A,0.3814,0.6033,0.7214,0.6308,1.0000,0.8271
pharm-herbal,0.4504,0.7015,0.8255,0.6657,0.8271,1.0000
